point1:(504.36250921396106, 108.53725790977477), point2:(472.660586137038, 20.23197158024861), score:0.998071014881134
point1:(504.36250921396106, 108.53725790977477), point2:(576.8240476754995, 354.45072797628546), score:0.9981510043144226
point1:(576.8240476754995, 354.45072797628546), point2:(182.8144207734328, 452.81611259167005), score:0.9980654120445251
