x:230.8615440955529, y:151.43534242189847, score:(0, 0, 128)
x:49.01538320688101, y:94.56273891375615, score:(0, 0, 128)
x:271.4769287109375, y:39.61802737529461, score:(0, 0, 128)
