point1:(0.09230769368318412, 0.09639423220561674), point2:(0.09230769368318412, 0.09639423220561674), score:0.5945464372634888
point1:(0.09230769368318412, 0.09639423220561674), point2:(0.09230769368318412, 0.09639423220561674), score:0.5945464372634888
