x:47.44759467931894, y:21.143750364963825, score:(0, 0, 128)
x:87.06778698701125, y:315.8168327624981, score:(0, 0, 128)
x:98.6639408331651, y:373.2206789163443, score:(0, 0, 128)
x:333.48606359041656, y:288.07164045480584, score:(0, 0, 128)
