x:504.36250921396106, y:108.53725790977477, score:(0, 0, 128)
x:472.660586137038, y:20.23197158024861, score:(0, 0, 128)
x:576.8240476754995, y:354.45072797628546, score:(0, 0, 128)
x:182.8144207734328, y:452.81611259167005, score:(0, 0, 128)
