point1:(47.44759467931894, 21.143750364963825), point2:(87.06778698701125, 315.8168327624981), score:0.9907886385917664
point1:(47.44759467931894, 21.143750364963825), point2:(98.6639408331651, 373.2206789163443), score:0.992446780204773
point1:(87.06778698701125, 315.8168327624981), point2:(98.6639408331651, 373.2206789163443), score:0.9959636926651001
point1:(87.06778698701125, 315.8168327624981), point2:(333.48606359041656, 288.07164045480584), score:0.9960541725158691
