x:0.09230769368318412, y:0.09639423220561674, score:(0, 0, 128)
x:0.09230769368318412, y:0.09639423220561674, score:(0, 0, 128)
