point1:(474.1702015216534, 20.23197158024861), point2:(508.89135536780725, 109.65504637131323), score:0.9965078234672546
point1:(474.1702015216534, 20.23197158024861), point2:(178.28557461958664, 78.35696944823631), score:0.9936914443969727
point1:(508.89135536780725, 109.65504637131323), point2:(564.7471245985764, 319.79928566859314), score:0.9973269701004028
