point1:(281.336543743427, 182.84928211799033), point2:(340.18269758958087, 49.906970335887024), score:0.9670308828353882
point1:(281.336543743427, 182.84928211799033), point2:(340.18269758958087, 49.906970335887024), score:0.9670308828353882
