x:517.2079427425678, y:369.21034262730524, score:(0, 0, 128)
x:29.804087166602795, y:296.385823396536, score:(0, 0, 128)
