point1:(517.2079427425678, 369.21034262730524), point2:(28.15745255121818, 296.385823396536), score:0.9962383508682251
point1:(581.4266927425678, 401.1334195503822), point2:(28.15745255121818, 296.385823396536), score:0.9970338344573975
point1:(28.15745255121818, 296.385823396536), point2:(153.30168017974268, 9.078125380552732), score:0.9588779807090759
