x:341.04808220496545, y:49.906970335887024, score:(0, 0, 128)
x:281.336543743427, y:182.84928211799033, score:(0, 0, 128)
x:25.18269263781034, y:208.58005134875958, score:(0, 0, 128)
