x:31.802164036494037, y:347.9451977656438, score:(0, 0, 128)
x:612.07861496852, y:223.64712084256686, score:(0, 0, 128)
x:586.4560188146738, y:348.83942853487457, score:(0, 0, 128)
x:15.222837113417112, y:12.608654187275814, score:(0, 0, 128)
