point1:(31.802164036494037, 347.9451977656438), point2:(586.4560188146738, 348.83942853487457), score:0.9969295859336853
point1:(31.802164036494037, 347.9451977656438), point2:(15.222837113417112, 12.608654187275814), score:0.882444441318512
point1:(612.07861496852, 223.64712084256686), point2:(586.4560188146738, 348.83942853487457), score:0.9969731569290161
