point1:(33.309375574955574, 345.2625054579515), point2:(574.3983265069816, 348.83942853487457), score:0.9981978535652161
point1:(33.309375574955574, 345.2625054579515), point2:(27.28052942110942, 147.63750545795148), score:0.9979819059371948
point1:(575.9055380454431, 102.0317294047429), point2:(92.09062270017772, 105.60865248166598), score:0.9963756203651428
