x:569.8766918915969, y:345.2625054579515, score:(0, 0, 128)
x:39.33822172880173, y:341.68558238102844, score:(0, 0, 128)
x:99.6266803924854, y:104.71442171243521, score:(0, 0, 128)
x:574.3983265069816, y:105.60865248166598, score:(0, 0, 128)
