point1:(569.8766918915969, 345.2625054579515), point2:(39.33822172880173, 341.68558238102844), score:0.9979946613311768
point1:(39.33822172880173, 341.68558238102844), point2:(99.6266803924854, 104.71442171243521), score:0.9950673580169678
point1:(99.6266803924854, 104.71442171243521), point2:(574.3983265069816, 105.60865248166598), score:0.9688498377799988
