point1:(98.71754976419302, 177.23293546529916), point2:(72.4555305334238, 154.97091623452994), score:0.9967237114906311
point1:(39.006011302654564, 131.80024315760684), point2:(39.28245361034687, 95.45408931145302), score:0.9613143801689148
point1:(73.28485745650072, 42.752162768290596), point2:(72.4555305334238, 154.97091623452994), score:0.8970111608505249
