point1:(96.78245361034688, 179.05024315760684), point2:(10.25600919356713, 178.59591623452994), score:0.996147632598877
point1:(96.78245361034688, 179.05024315760684), point2:(72.17908822573149, 155.42524315760684), score:0.9970728158950806
point1:(96.78245361034688, 179.05024315760684), point2:(101.2055305334238, 9.586298250235044), score:0.9962829947471619
point1:(72.17908822573149, 155.42524315760684), point2:(73.56129976419302, 40.9348550759829), score:0.9971427321434021
