point1:(10.25600919356713, 179.05024315760684), point2:(96.78245361034688, 179.05024315760684), score:0.997323751449585
point1:(96.78245361034688, 179.05024315760684), point2:(72.17908822573149, 155.42524315760684), score:0.9978068470954895
point1:(96.78245361034688, 179.05024315760684), point2:(101.2055305334238, 7.768990557927352), score:0.9966457486152649
point1:(72.17908822573149, 155.42524315760684), point2:(73.28485745650072, 40.9348550759829), score:0.9975059628486633
