point1:(3.54471167234274, 75.0723575445322), point2:(4.948557826188894, 105.3223575445322), score:0.9968217611312866
point1:(21.44374946447519, 43.36803062145527), point2:(26.00624946447519, 10.791105325405415), score:0.997696578502655
point1:(26.00624946447519, 10.791105325405415), point2:(136.55913675748383, 9.918509171559261), score:0.9972096085548401
point1:(136.55913675748383, 9.918509171559261), point2:(136.55913675748383, 107.64928062145528), score:0.9826499819755554
