point1:(3.1937501338812018, 75.0723575445322), point2:(4.597596287727356, 105.03149215991681), score:0.9594940543174744
point1:(3.1937501338812018, 75.0723575445322), point2:(3.1937501338812018, 47.14928062145527), score:0.8737238049507141
point1:(136.55913675748383, 9.918509171559261), point2:(25.655287926013653, 11.0819707100208), score:0.9467895030975342
