point1:(25.655287926013653, 11.0819707100208), point2:(135.1552906036377, 10.791105325405415), score:0.905409574508667
point1:(25.655287926013653, 11.0819707100208), point2:(20.039903310629036, 44.53149215991681), score:0.560862123966217
point1:(136.91009829594537, 107.64928062145528), point2:(135.1552906036377, 10.791105325405415), score:0.9975086450576782
