x:0.10000000149011612, y:0.10000000149011612, score:(0, 0, 128)
x:0.10000000149011612, y:0.10000000149011612, score:(0, 0, 128)
x:0.10000000149011612, y:0.10000000149011612, score:(0, 0, 128)
